image_width: 1280
image_height: 1024
camera_name: narrow_stereo
camera_matrix:
  rows: 3
  cols: 3
  data: [  2010.55583, 0. , 648.43074,
            0 , 2009.38794 , 540.90070,
            0.     ,    0.     ,    1.     ]
distortion_model: plumb_bob
distortion_coefficients:
  rows: 1
  cols: 5
  data: [-0.191970,1.067182,0.004306,0.001954,0.000000]
rectification_matrix:
  rows: 3
  cols: 3
  data: [1., 0., 0.,
         0., 1., 0.,
         0., 0., 1.]
projection_matrix:
  rows: 3
  cols: 4
  data: [2007.47270,    0.     ,  649.54272,    0.     ,
            0.     , 2005.67603 ,  542.78041,    0.     ,
            0.     ,    0.     ,    1.     ,    0.     ]
